id: 1

DOF_min: [0,   0,  -3.14159]
DOF_max: [3.5, 3.5, 3.14159]

start: [0,   2, 0]
goal:  [3.5, 3.5, 0]
