id: 0

DOF_min: [-4.5,  -1.25,  -3.14159]
DOF_max: [8.5,  0.75,  3.14159]

# relative to map
start: [-2.5, 0, 0]
goal:  [7.5, 0, 0]
