id: 1

DOF_min: [0,   0,  -3.14159]
DOF_max: [3.5, 3.5, 3.14159]

start: [1.5,  3.5,  -1.5708]
goal:  [0,    0,   -1.5708]
