id: 0

DOF_min: [0,   0,  -3.14159]
DOF_max: [2, 2, 3.14159]

start: [0,  2,    -0.785]
goal:  [2,  0,    -0.785]
