id: 0

DOF: [[0, 3.5], [0, 3.5], [-3.14159, 3.14159]]

start: [0, 0, 0]

goal: [1.5, 1.5, 0]

