id: 0

DOF: [[0, 3.5], [0, 3.5], [-3.14159, 3.14159]]

start: [3.5, 2, 3.14159]

goal: [0, 2, 3.14159]

