id: 0

DOF_min: [0,   0,  -3.14159]
DOF_max: [2.5, 10,  3.14159]

start: [10.5,    -0.75,      0]
goal:  [-5,  -0.75,     3.14159]
