id: 1

DOF: [[0, 3.5], [0, 3.5], [-3.14159, 3.14159]]

start: [0, 2, 0]

goal: [3.5, 3.5, 0]

