id: 0

DOF_min: [0,   0,  -3.14159]
DOF_max: [3.5, 3.5, 3.14159]

start: [3.5,   2, 3.14]
goal:  [0, 0, 0]
