id: 0

DOF_min: [0,   0,  -3.14159]
DOF_max: [3.5, 3.5, 3.14159]

start: [0,  0,    0.785]
goal:  [3.5,    3.5,      0.785]
